00 00 00 00 00 00 00 00 00 00 00 00 00 00 00 00 00 00 00 00 00 00 00 00 00 00 00 00 
00 00 00 00 00 00 00 00 00 00 00 00 00 00 00 00 00 00 00 00 00 00 00 00 00 00 00 00 
00 00 00 00 00 00 00 00 00 00 00 00 00 00 00 00 00 00 00 00 00 00 00 00 00 00 00 00 
00 00 00 00 00 00 00 00 00 00 00 00 00 00 00 00 00 00 00 00 00 00 00 00 00 00 00 00 
00 00 00 00 00 00 00 00 00 00 00 00 0b 96 fd ca 1f 00 00 00 00 00 00 00 00 00 00 00 
00 00 00 00 00 00 00 00 00 00 00 00 25 fb fb fd 6b 00 00 00 00 00 00 00 00 00 00 00 
00 00 00 00 00 00 00 00 00 00 00 15 c5 fb fb fd 6b 00 00 00 00 00 00 00 00 00 00 00 
00 00 00 00 00 00 00 00 00 00 6e be fb fb fb fd a9 6d 3e 00 00 00 00 00 00 00 00 00 
00 00 00 00 00 00 00 00 00 00 fd fb fb fb fb fd fb fb dc 33 00 00 00 00 00 00 00 00 
00 00 00 00 00 00 00 00 00 b6 ff fd fd fd fd ea de fd fd fd 00 00 00 00 00 00 00 00 
00 00 00 00 00 00 00 00 3f dd fd fb fb fb 93 4d 3e 80 fb fb 69 00 00 00 00 00 00 00 
00 00 00 00 00 00 00 20 e7 fb fd fb dc 89 0a 00 00 1f e6 fb f3 71 05 00 00 00 00 00 
00 00 00 00 00 00 00 25 fb fb fd bc 14 00 00 00 00 00 6d fb fd fb 23 00 00 00 00 00 
00 00 00 00 00 00 00 25 fb fb c9 1e 00 00 00 00 00 00 1f c8 fd fb 23 00 00 00 00 00 
00 00 00 00 00 00 00 25 fd fd 00 00 00 00 00 00 00 00 20 ca ff fd a4 00 00 00 00 00 
00 00 00 00 00 00 00 8c fb fb 00 00 00 00 00 00 00 00 6d fb fd fb 23 00 00 00 00 00 
00 00 00 00 00 00 00 d9 fb fb 00 00 00 00 00 00 15 3f e7 fb fd e6 1e 00 00 00 00 00 
00 00 00 00 00 00 00 d9 fb fb 00 00 00 00 00 00 90 fb fb fb dd 3d 00 00 00 00 00 00 
00 00 00 00 00 00 00 d9 fb fb 00 00 00 00 00 b6 dd fb fb fb b4 00 00 00 00 00 00 00 
00 00 00 00 00 00 00 da fd fd 49 49 e4 fd fd ff fd fd fd fd 00 00 00 00 00 00 00 00 
00 00 00 00 00 00 00 71 fb fb fd fb fb fb fb fd fb fb fb 93 00 00 00 00 00 00 00 00 
00 00 00 00 00 00 00 1f e6 fb fd fb fb fb fb fd e6 bd 23 0a 00 00 00 00 00 00 00 00 
00 00 00 00 00 00 00 00 3e 8e fd fb fb fb fb fd 6b 00 00 00 00 00 00 00 00 00 00 00 
00 00 00 00 00 00 00 00 00 00 48 ae fb ad 47 48 1e 00 00 00 00 00 00 00 00 00 00 00 
00 00 00 00 00 00 00 00 00 00 00 00 00 00 00 00 00 00 00 00 00 00 00 00 00 00 00 00 
00 00 00 00 00 00 00 00 00 00 00 00 00 00 00 00 00 00 00 00 00 00 00 00 00 00 00 00 
00 00 00 00 00 00 00 00 00 00 00 00 00 00 00 00 00 00 00 00 00 00 00 00 00 00 00 00 
00 00 00 00 00 00 00 00 00 00 00 00 00 00 00 00 00 00 00 00 00 00 00 00 00 00 00 00 


00 00 00 00 00 00 00 00 00 00 00 00 00 00 00 00 00 00 00 00 00 00 00 00 00 00 00 00 
00 00 00 00 00 00 00 00 00 00 00 00 00 00 00 00 00 00 00 00 00 00 00 00 00 00 00 00 
00 00 00 00 00 00 00 00 00 00 00 00 00 00 00 00 00 00 00 00 00 00 00 00 00 00 00 00 
00 00 00 00 00 00 00 00 00 00 00 00 00 00 00 00 00 00 00 00 00 00 00 00 00 00 00 00 
00 00 00 00 00 00 00 00 00 00 00 00 00 00 00 00 26 fe 6d 00 00 00 00 00 00 00 00 00 
00 00 00 00 00 00 00 00 00 00 00 00 00 00 00 00 57 fc 52 00 00 00 00 00 00 00 00 00 
00 00 00 00 00 00 00 00 00 00 00 00 00 00 00 00 87 f1 00 00 00 00 00 00 00 00 00 00 
00 00 00 00 00 00 00 00 00 00 00 00 00 00 00 2d f4 96 00 00 00 00 00 00 00 00 00 00 
00 00 00 00 00 00 00 00 00 00 00 00 00 00 00 54 fe 3f 00 00 00 00 00 00 00 00 00 00 
00 00 00 00 00 00 00 00 00 00 00 00 00 00 00 ca df 0b 00 00 00 00 00 00 00 00 00 00 
00 00 00 00 00 00 00 00 00 00 00 00 00 00 20 fe d8 00 00 00 00 00 00 00 00 00 00 00 
00 00 00 00 00 00 00 00 00 00 00 00 00 00 5f fe c3 00 00 00 00 00 00 00 00 00 00 00 
00 00 00 00 00 00 00 00 00 00 00 00 00 00 8c fe 4d 00 00 00 00 00 00 00 00 00 00 00 
00 00 00 00 00 00 00 00 00 00 00 00 00 39 ed cd 08 00 00 00 00 00 00 00 00 00 00 00 
00 00 00 00 00 00 00 00 00 00 00 00 00 7c ff a5 00 00 00 00 00 00 00 00 00 00 00 00 
00 00 00 00 00 00 00 00 00 00 00 00 00 ab fe 51 00 00 00 00 00 00 00 00 00 00 00 00 
00 00 00 00 00 00 00 00 00 00 00 00 18 e8 d7 00 00 00 00 00 00 00 00 00 00 00 00 00 
00 00 00 00 00 00 00 00 00 00 00 00 78 fe 9f 00 00 00 00 00 00 00 00 00 00 00 00 00 
00 00 00 00 00 00 00 00 00 00 00 00 97 fe 8e 00 00 00 00 00 00 00 00 00 00 00 00 00 
00 00 00 00 00 00 00 00 00 00 00 00 e4 fe 42 00 00 00 00 00 00 00 00 00 00 00 00 00 
00 00 00 00 00 00 00 00 00 00 00 3d fb fe 42 00 00 00 00 00 00 00 00 00 00 00 00 00 
00 00 00 00 00 00 00 00 00 00 00 8d fe cd 03 00 00 00 00 00 00 00 00 00 00 00 00 00 
00 00 00 00 00 00 00 00 00 00 0a d7 fe 79 00 00 00 00 00 00 00 00 00 00 00 00 00 00 
00 00 00 00 00 00 00 00 00 00 05 c6 b0 0a 00 00 00 00 00 00 00 00 00 00 00 00 00 00 
00 00 00 00 00 00 00 00 00 00 00 00 00 00 00 00 00 00 00 00 00 00 00 00 00 00 00 00 
00 00 00 00 00 00 00 00 00 00 00 00 00 00 00 00 00 00 00 00 00 00 00 00 00 00 00 00 
00 00 00 00 00 00 00 00 00 00 00 00 00 00 00 00 00 00 00 00 00 00 00 00 00 00 00 00 
00 00 00 00 00 00 00 00 00 00 00 00 00 00 00 00 00 00 00 00 00 00 00 00 00 00 00 00 


00 00 00 00 00 00 00 00 00 00 00 00 00 00 00 00 00 00 00 00 00 00 00 00 00 00 00 00 
00 00 00 00 00 00 00 00 00 00 00 00 00 00 00 00 00 00 00 00 00 00 00 00 00 00 00 00 
00 00 00 00 00 00 00 00 00 00 00 00 00 00 00 00 00 00 00 00 00 00 00 00 00 00 00 00 
00 00 00 00 00 00 00 00 00 00 74 7d ab ff ff 96 5d 00 00 00 00 00 00 00 00 00 00 00 
00 00 00 00 00 00 00 00 00 a9 fd fd fd fd fd fd da 1e 00 00 00 00 00 00 00 00 00 00 
00 00 00 00 00 00 00 00 a9 fd fd fd d5 8e b0 fd fd 7a 00 00 00 00 00 00 00 00 00 00 
00 00 00 00 00 00 00 34 fa fd d2 20 0c 00 06 ce fd 8c 00 00 00 00 00 00 00 00 00 00 
00 00 00 00 00 00 00 4d fb d2 19 00 00 00 7a f8 fd 41 00 00 00 00 00 00 00 00 00 00 
00 00 00 00 00 00 00 00 1f 12 00 00 00 00 d1 fd fd 41 00 00 00 00 00 00 00 00 00 00 
00 00 00 00 00 00 00 00 00 00 00 00 00 75 f7 fd c6 0a 00 00 00 00 00 00 00 00 00 00 
00 00 00 00 00 00 00 00 00 00 00 00 4c f7 fd e7 3f 00 00 00 00 00 00 00 00 00 00 00 
00 00 00 00 00 00 00 00 00 00 00 00 80 fd fd 90 00 00 00 00 00 00 00 00 00 00 00 00 
00 00 00 00 00 00 00 00 00 00 00 b0 f6 fd 9f 0c 00 00 00 00 00 00 00 00 00 00 00 00 
00 00 00 00 00 00 00 00 00 00 19 ea fd e9 23 00 00 00 00 00 00 00 00 00 00 00 00 00 
00 00 00 00 00 00 00 00 00 00 c6 fd fd 8d 00 00 00 00 00 00 00 00 00 00 00 00 00 00 
00 00 00 00 00 00 00 00 00 4e f8 fd bd 0c 00 00 00 00 00 00 00 00 00 00 00 00 00 00 
00 00 00 00 00 00 00 00 13 c8 fd fd 8d 00 00 00 00 00 00 00 00 00 00 00 00 00 00 00 
00 00 00 00 00 00 00 00 86 fd fd ad 0c 00 00 00 00 00 00 00 00 00 00 00 00 00 00 00 
00 00 00 00 00 00 00 00 f8 fd fd 19 00 00 00 00 00 00 00 00 00 00 00 00 00 00 00 00 
00 00 00 00 00 00 00 00 f8 fd fd 2b 14 14 14 14 05 00 05 14 14 25 96 96 96 93 0a 00 
00 00 00 00 00 00 00 00 f8 fd fd fd fd fd fd fd a8 8f a6 fd fd fd fd fd fd fd 7b 00 
00 00 00 00 00 00 00 00 ae fd fd fd fd fd fd fd fd fd fd fd f9 f7 f7 a9 75 75 39 00 
00 00 00 00 00 00 00 00 00 76 7b 7b 7b a6 fd fd fd 9b 7b 7b 29 00 00 00 00 00 00 00 
00 00 00 00 00 00 00 00 00 00 00 00 00 00 00 00 00 00 00 00 00 00 00 00 00 00 00 00 
00 00 00 00 00 00 00 00 00 00 00 00 00 00 00 00 00 00 00 00 00 00 00 00 00 00 00 00 
00 00 00 00 00 00 00 00 00 00 00 00 00 00 00 00 00 00 00 00 00 00 00 00 00 00 00 00 
00 00 00 00 00 00 00 00 00 00 00 00 00 00 00 00 00 00 00 00 00 00 00 00 00 00 00 00 
00 00 00 00 00 00 00 00 00 00 00 00 00 00 00 00 00 00 00 00 00 00 00 00 00 00 00 00 


00 00 00 00 00 00 00 00 00 00 00 00 00 00 00 00 00 00 00 00 00 00 00 00 00 00 00 00 
00 00 00 00 00 00 00 00 00 00 00 00 00 00 00 00 00 00 00 00 00 00 00 00 00 00 00 00 
00 00 00 00 00 00 00 00 00 00 00 00 00 00 00 00 00 00 00 00 00 00 00 00 00 00 00 00 
00 00 00 00 00 00 00 00 00 00 00 00 00 00 00 00 00 00 00 00 00 00 00 00 00 00 00 00 
00 00 00 00 00 00 0c 29 92 92 30 00 00 00 00 00 00 00 00 00 00 00 00 00 00 00 00 00 
00 00 00 00 00 0c 81 fd fd fd fa a3 12 00 00 00 00 00 00 00 00 00 00 00 00 00 00 00 
00 00 00 00 00 85 fd fd fd fd fd fd e5 46 00 00 00 00 00 00 00 00 00 00 00 00 00 00 
00 00 00 00 00 65 fd fc 91 66 6b ed fd f7 80 0a 00 00 00 00 00 00 00 00 00 00 00 00 
00 00 00 00 00 b5 fd a7 00 00 00 3d eb fd fd a3 05 00 00 00 00 00 00 00 00 00 00 00 
00 00 00 00 00 ff fd 2b 00 00 00 00 3a c1 fd fd a4 04 00 00 00 00 00 00 00 00 00 00 
00 00 00 00 00 bb fd 20 00 00 00 00 00 37 ec fd fd 56 00 00 00 00 00 00 00 00 00 00 
00 00 00 00 00 92 fd 20 00 64 be 57 57 57 93 fd fd 7b 00 00 00 00 00 00 00 00 00 00 
00 00 00 00 00 5e fd 4e 28 f8 fd fd fd fd fd fd fd df 54 0f 00 00 00 00 00 00 00 00 
00 00 00 00 00 0e 5c 0c 23 f0 fd fd fd fd fd fd fd fd fd f4 59 0a 00 00 00 00 00 00 
00 00 00 00 00 00 00 00 00 4b a1 b3 fd fd fd fd fd fd fd fd fd d1 2b 00 00 00 00 00 
00 00 00 00 00 00 00 00 00 00 00 03 10 10 27 26 10 10 91 f3 fd fd b9 30 00 00 00 00 
00 00 00 00 00 00 00 00 00 14 3a 00 00 00 00 00 00 00 00 3a d1 fd fd b7 00 00 00 00 
00 00 00 00 00 00 00 00 4d dd f7 4f 00 00 00 00 00 00 00 00 0d db fd f0 48 00 00 00 
00 00 00 00 00 00 00 00 5a f7 fd fc 39 00 00 00 00 00 00 00 00 35 fb fd bf 00 00 00 
00 00 00 00 00 00 00 00 00 74 fd fd 3b 00 00 00 00 00 00 00 00 63 fc fd 91 00 00 00 
00 00 00 00 00 00 00 00 00 0e bc fd dd 9e 26 00 00 00 00 6f d3 f6 fd fd 91 00 00 00 
00 00 00 00 00 00 00 00 00 00 0c dd f6 fd fb f9 f9 f9 f9 fd fd fd fd c8 13 00 00 00 
00 00 00 00 00 00 00 00 00 00 00 00 5f b7 e4 fd fd fd fd fd fd c3 7c 17 00 00 00 00 
00 00 00 00 00 00 00 00 00 00 00 00 00 00 18 25 8a 4a 7e 58 25 07 00 00 00 00 00 00 
00 00 00 00 00 00 00 00 00 00 00 00 00 00 00 00 00 00 00 00 00 00 00 00 00 00 00 00 
00 00 00 00 00 00 00 00 00 00 00 00 00 00 00 00 00 00 00 00 00 00 00 00 00 00 00 00 
00 00 00 00 00 00 00 00 00 00 00 00 00 00 00 00 00 00 00 00 00 00 00 00 00 00 00 00 
00 00 00 00 00 00 00 00 00 00 00 00 00 00 00 00 00 00 00 00 00 00 00 00 00 00 00 00 


00 00 00 00 00 00 00 00 00 00 00 00 00 00 00 00 00 00 00 00 00 00 00 00 00 00 00 00 
00 00 00 00 00 00 00 00 00 00 00 00 00 00 00 00 00 00 00 00 00 00 00 00 00 00 00 00 
00 00 00 00 00 00 00 00 00 00 00 00 00 00 00 00 00 00 00 00 00 00 00 00 00 00 00 00 
00 00 00 00 00 00 00 00 00 00 00 00 00 00 00 00 00 00 00 00 00 00 00 00 00 00 00 00 
00 00 00 00 00 00 00 00 00 00 00 00 00 00 00 00 00 00 00 00 00 00 00 00 00 00 00 00 
00 00 00 00 00 00 00 00 00 00 32 e0 00 00 00 00 00 00 00 46 1d 00 00 00 00 00 00 00 
00 00 00 00 00 00 00 00 00 00 79 e7 00 00 00 00 00 00 00 94 a8 00 00 00 00 00 00 00 
00 00 00 00 00 00 00 00 00 04 c3 e7 00 00 00 00 00 00 00 60 d2 0b 00 00 00 00 00 00 
00 00 00 00 00 00 00 00 00 45 fc 86 00 00 00 00 00 00 00 72 fc 15 00 00 00 00 00 00 
00 00 00 00 00 00 00 00 2d ec d9 0c 00 00 00 00 00 00 00 c0 fc 15 00 00 00 00 00 00 
00 00 00 00 00 00 00 00 a8 f7 35 00 00 00 00 00 00 00 12 ff fd 15 00 00 00 00 00 00 
00 00 00 00 00 00 00 54 f2 d3 00 00 00 00 00 00 00 00 8d fd bd 05 00 00 00 00 00 00 
00 00 00 00 00 00 00 a9 fc 6a 00 00 00 00 00 00 00 20 e8 fa 42 00 00 00 00 00 00 00 
00 00 00 00 00 00 0f e1 fc 00 00 00 00 00 00 00 00 86 fc d3 00 00 00 00 00 00 00 00 
00 00 00 00 00 00 16 fc a4 00 00 00 00 00 00 00 00 a9 fc a7 00 00 00 00 00 00 00 00 
00 00 00 00 00 00 09 cc d1 12 00 00 00 00 00 00 16 fd fd 6b 00 00 00 00 00 00 00 00 
00 00 00 00 00 00 00 a9 fc c7 55 55 55 55 81 a4 c3 fc fc 6a 00 00 00 00 00 00 00 00 
00 00 00 00 00 00 00 29 aa f5 fc fc fc fc e8 e7 fb fc fc 09 00 00 00 00 00 00 00 00 
00 00 00 00 00 00 00 00 00 31 54 54 54 54 00 00 a1 fc fc 00 00 00 00 00 00 00 00 00 
00 00 00 00 00 00 00 00 00 00 00 00 00 00 00 00 7f fc fc 2d 00 00 00 00 00 00 00 00 
00 00 00 00 00 00 00 00 00 00 00 00 00 00 00 00 80 fd fd 00 00 00 00 00 00 00 00 00 
00 00 00 00 00 00 00 00 00 00 00 00 00 00 00 00 7f fc fc 00 00 00 00 00 00 00 00 00 
00 00 00 00 00 00 00 00 00 00 00 00 00 00 00 00 87 fc f4 00 00 00 00 00 00 00 00 00 
00 00 00 00 00 00 00 00 00 00 00 00 00 00 00 00 e8 ec 6f 00 00 00 00 00 00 00 00 00 
00 00 00 00 00 00 00 00 00 00 00 00 00 00 00 00 b3 42 00 00 00 00 00 00 00 00 00 00 
00 00 00 00 00 00 00 00 00 00 00 00 00 00 00 00 00 00 00 00 00 00 00 00 00 00 00 00 
00 00 00 00 00 00 00 00 00 00 00 00 00 00 00 00 00 00 00 00 00 00 00 00 00 00 00 00 
00 00 00 00 00 00 00 00 00 00 00 00 00 00 00 00 00 00 00 00 00 00 00 00 00 00 00 00 


00 00 00 00 00 00 00 00 00 00 00 00 00 00 00 00 00 00 00 00 00 00 00 00 00 00 00 00 
00 00 00 00 00 00 00 00 00 00 00 00 00 00 00 00 00 00 00 00 00 00 00 00 00 00 00 00 
00 00 00 00 00 00 00 00 00 00 00 00 00 00 00 00 00 00 00 00 00 00 00 00 00 00 00 00 
00 00 00 00 00 00 00 00 00 00 00 00 00 00 00 00 00 00 00 00 00 00 00 00 00 00 00 00 
00 00 00 00 00 00 00 00 00 00 00 00 00 00 00 00 00 11 2f 2f 2f 10 81 55 2f 00 00 00 
00 00 00 00 00 00 00 00 00 00 00 00 00 00 00 4b 99 d9 fd fd fd d7 f6 fd fd 00 00 00 
00 00 00 00 00 00 00 00 00 00 00 00 23 8e f4 fc fd fd fd fd fd fd fd fd fd 00 00 00 
00 00 00 00 00 00 00 00 00 00 00 00 3f fd fd fd fd fd fd fd d5 aa aa aa aa 00 00 00 
00 00 00 00 00 00 00 00 14 84 48 00 39 ee e3 ee a8 7c 45 14 0b 00 00 00 00 00 00 00 
00 00 00 00 00 00 00 0b ce fd 4e 00 00 20 00 1e 02 00 00 00 00 00 00 00 00 00 00 00 
00 00 00 00 00 00 06 b1 fd 84 0a 00 00 00 00 00 00 00 00 00 00 00 00 00 00 00 00 00 
00 00 00 00 00 0c 85 fd e9 0f 00 00 00 00 00 00 00 00 00 00 00 00 00 00 00 00 00 00 
00 00 00 00 00 5c fd df 1c 00 00 00 00 00 00 00 00 00 00 00 00 00 00 00 00 00 00 00 
00 00 00 00 00 96 fd ae 00 00 00 00 00 00 00 00 00 00 00 00 00 00 00 00 00 00 00 00 
00 00 00 00 00 ea fd f6 7f 31 00 00 00 00 00 00 00 00 00 00 00 00 00 00 00 00 00 00 
00 00 00 00 00 ff fd fd fd fb 93 5b 79 55 2a 2a 55 1c 00 00 00 00 00 00 00 00 00 00 
00 00 00 00 00 8b fd fd fd fd fd fd fd fd fd fd fd e8 a8 00 00 00 00 00 00 00 00 00 
00 00 00 00 00 03 35 da de fb fd fd fd fd fd fd fd fd fc 7c 00 00 00 00 00 00 00 00 
00 00 00 00 00 00 00 00 00 43 48 c8 fd fd fd fd fd fd fd af 00 00 00 00 00 00 00 00 
00 00 00 00 00 00 00 00 00 00 00 78 fd f9 98 33 a4 fd fd af 00 00 00 00 00 00 00 00 
00 00 00 00 00 00 00 00 00 00 00 32 fd fd fd bc fc fd fd 94 00 00 00 00 00 00 00 00 
00 00 00 00 00 00 00 00 00 00 00 09 a7 fd fd fd fd fa af 0b 00 00 00 00 00 00 00 00 
00 00 00 00 00 00 00 00 00 00 00 00 17 b4 e7 fd dd 80 00 00 00 00 00 00 00 00 00 00 
00 00 00 00 00 00 00 00 00 00 00 00 00 00 5d 95 16 00 00 00 00 00 00 00 00 00 00 00 
00 00 00 00 00 00 00 00 00 00 00 00 00 00 00 00 00 00 00 00 00 00 00 00 00 00 00 00 
00 00 00 00 00 00 00 00 00 00 00 00 00 00 00 00 00 00 00 00 00 00 00 00 00 00 00 00 
00 00 00 00 00 00 00 00 00 00 00 00 00 00 00 00 00 00 00 00 00 00 00 00 00 00 00 00 
00 00 00 00 00 00 00 00 00 00 00 00 00 00 00 00 00 00 00 00 00 00 00 00 00 00 00 00 


00 00 00 00 00 00 00 00 00 00 00 00 00 00 00 00 00 00 00 00 00 00 00 00 00 00 00 00 
00 00 00 00 00 00 00 00 00 00 00 00 00 00 00 00 00 00 00 00 00 00 00 00 00 00 00 00 
00 00 00 00 00 00 00 00 00 00 00 00 00 00 00 00 00 00 00 00 00 00 00 00 00 00 00 00 
00 00 00 00 00 00 00 00 00 00 07 cc fd b0 00 00 00 00 00 00 00 00 00 00 00 00 00 00 
00 00 00 00 00 00 00 00 00 07 96 fc fc 7d 00 00 00 00 00 00 00 00 00 00 00 00 00 00 
00 00 00 00 00 00 00 00 00 75 fc ba 38 00 00 00 00 00 00 00 00 00 00 00 00 00 00 00 
00 00 00 00 00 00 00 00 00 8d fc 76 00 00 00 00 00 00 00 00 00 00 00 00 00 00 00 00 
00 00 00 00 00 00 00 00 00 9a f7 32 00 00 00 00 00 00 00 00 00 00 00 00 00 00 00 00 
00 00 00 00 00 00 00 00 1a fd c4 00 00 00 00 00 00 00 00 00 00 00 00 00 00 00 00 00 
00 00 00 00 00 00 00 00 96 fd c4 00 00 00 00 00 00 00 39 55 55 26 00 00 00 00 00 00 
00 00 00 00 00 00 00 00 e1 fd 60 00 00 00 00 00 97 e2 f3 fc fc ee 7d 00 00 00 00 00 
00 00 00 00 00 00 00 0a e5 e2 00 00 00 04 36 e5 fd ff ea af e1 ff e4 1f 00 00 00 00 
00 00 00 00 00 00 00 6e fc 96 00 00 1a 80 fc fc e3 86 1c 00 00 b2 fc 38 00 00 00 00 
00 00 00 00 00 00 00 9f fc 71 00 00 96 fd fc ba 2b 00 00 00 00 8d fc 38 00 00 00 00 
00 00 00 00 00 00 00 b9 fc 71 00 26 ed fd 97 06 00 00 00 00 00 8d ca 06 00 00 00 00 
00 00 00 00 00 00 00 c6 fd 72 00 93 fd a3 00 00 00 00 00 00 00 9a c5 00 00 00 00 00 
00 00 00 00 00 00 00 c5 fc 71 00 ac fc bc 00 00 00 00 00 00 1a fd ab 00 00 00 00 00 
00 00 00 00 00 00 00 c5 fc 71 00 13 e7 f7 7a 13 00 00 00 00 c8 f4 38 00 00 00 00 00 
00 00 00 00 00 00 1a de fc 71 00 00 19 cb fc c1 0d 00 4c c8 f9 7d 00 00 00 00 00 00 
00 00 00 00 00 00 00 b9 fd b3 0a 00 00 00 4c 23 1d 9a fd f4 7d 00 00 00 00 00 00 00 
00 00 00 00 00 00 00 1c d1 fd c4 52 39 39 83 c5 fc fd d6 51 00 00 00 00 00 00 00 00 
00 00 00 00 00 00 00 00 19 d8 fc fc fc fd fc fc fc 9c 13 00 00 00 00 00 00 00 00 00 
00 00 00 00 00 00 00 00 00 10 67 8b f0 8c 8b 8b 28 00 00 00 00 00 00 00 00 00 00 00 
00 00 00 00 00 00 00 00 00 00 00 00 00 00 00 00 00 00 00 00 00 00 00 00 00 00 00 00 
00 00 00 00 00 00 00 00 00 00 00 00 00 00 00 00 00 00 00 00 00 00 00 00 00 00 00 00 
00 00 00 00 00 00 00 00 00 00 00 00 00 00 00 00 00 00 00 00 00 00 00 00 00 00 00 00 
00 00 00 00 00 00 00 00 00 00 00 00 00 00 00 00 00 00 00 00 00 00 00 00 00 00 00 00 
00 00 00 00 00 00 00 00 00 00 00 00 00 00 00 00 00 00 00 00 00 00 00 00 00 00 00 00 


00 00 00 00 00 00 00 00 00 00 00 00 00 00 00 00 00 00 00 00 00 00 00 00 00 00 00 00 
00 00 00 00 00 00 00 00 00 00 00 00 00 00 00 00 00 00 00 00 00 00 00 00 00 00 00 00 
00 00 00 00 00 00 00 00 00 00 00 00 00 00 00 00 00 00 00 00 00 00 00 00 00 00 00 00 
00 00 00 00 00 00 00 00 00 00 00 00 00 00 00 00 00 00 00 00 00 00 00 00 00 00 00 00 
00 00 00 00 00 00 00 00 00 00 00 00 00 00 00 00 00 00 00 00 00 00 00 00 00 00 00 00 
00 00 00 00 00 00 00 00 00 00 00 00 00 00 00 00 00 00 00 00 00 00 00 00 00 00 00 00 
00 00 00 00 00 00 00 00 00 00 00 00 00 00 00 00 00 00 00 00 00 00 00 00 00 00 00 00 
00 00 00 00 00 00 54 b9 9f 97 3c 24 00 00 00 00 00 00 00 00 00 00 00 00 00 00 00 00 
00 00 00 00 00 00 de fe fe fe fe f1 c6 c6 c6 c6 c6 c6 c6 c6 aa 34 00 00 00 00 00 00 
00 00 00 00 00 00 43 72 48 72 a3 e3 fe e1 fe fe fe fa e5 fe fe 8c 00 00 00 00 00 00 
00 00 00 00 00 00 00 00 00 00 00 11 42 0e 43 43 43 3b 15 ec fe 6a 00 00 00 00 00 00 
00 00 00 00 00 00 00 00 00 00 00 00 00 00 00 00 00 00 53 fd d1 12 00 00 00 00 00 00 
00 00 00 00 00 00 00 00 00 00 00 00 00 00 00 00 00 16 e9 ff 53 00 00 00 00 00 00 00 
00 00 00 00 00 00 00 00 00 00 00 00 00 00 00 00 00 81 fe ee 2c 00 00 00 00 00 00 00 
00 00 00 00 00 00 00 00 00 00 00 00 00 00 00 00 3b f9 fe 3e 00 00 00 00 00 00 00 00 
00 00 00 00 00 00 00 00 00 00 00 00 00 00 00 00 85 fe bb 05 00 00 00 00 00 00 00 00 
00 00 00 00 00 00 00 00 00 00 00 00 00 00 00 09 cd f8 3a 00 00 00 00 00 00 00 00 00 
00 00 00 00 00 00 00 00 00 00 00 00 00 00 00 7e fe b6 00 00 00 00 00 00 00 00 00 00 
00 00 00 00 00 00 00 00 00 00 00 00 00 00 4b fb f0 39 00 00 00 00 00 00 00 00 00 00 
00 00 00 00 00 00 00 00 00 00 00 00 00 13 dd fe a6 00 00 00 00 00 00 00 00 00 00 00 
00 00 00 00 00 00 00 00 00 00 00 00 03 cb fe db 23 00 00 00 00 00 00 00 00 00 00 00 
00 00 00 00 00 00 00 00 00 00 00 00 26 fe fe 4d 00 00 00 00 00 00 00 00 00 00 00 00 
00 00 00 00 00 00 00 00 00 00 00 1f e0 fe 73 01 00 00 00 00 00 00 00 00 00 00 00 00 
00 00 00 00 00 00 00 00 00 00 00 85 fe fe 34 00 00 00 00 00 00 00 00 00 00 00 00 00 
00 00 00 00 00 00 00 00 00 00 3d f2 fe fe 34 00 00 00 00 00 00 00 00 00 00 00 00 00 
00 00 00 00 00 00 00 00 00 00 79 fe fe db 28 00 00 00 00 00 00 00 00 00 00 00 00 00 
00 00 00 00 00 00 00 00 00 00 79 fe cf 12 00 00 00 00 00 00 00 00 00 00 00 00 00 00 
00 00 00 00 00 00 00 00 00 00 00 00 00 00 00 00 00 00 00 00 00 00 00 00 00 00 00 00 


00 00 00 00 00 00 00 00 00 00 00 00 00 00 00 00 00 00 00 00 00 00 00 00 00 00 00 00 
00 00 00 00 00 00 00 00 00 00 00 00 00 00 00 00 00 00 00 00 00 00 00 00 00 00 00 00 
00 00 00 00 00 00 00 00 00 00 00 00 00 00 00 00 00 00 00 00 00 00 00 00 00 00 00 00 
00 00 00 00 00 00 00 00 00 00 00 00 00 00 00 00 00 00 00 00 00 00 00 00 00 00 00 00 
00 00 00 00 00 00 00 00 00 00 00 00 00 00 00 00 00 00 00 00 00 00 00 00 00 00 00 00 
00 00 00 00 00 00 00 00 00 00 00 00 00 2b 2f 2f 00 00 00 00 00 00 00 00 00 00 00 00 
00 00 00 00 00 00 00 00 00 00 00 09 6c f9 fd fd d0 cf cf cf 95 41 0d 00 00 00 00 00 
00 00 00 00 00 00 00 00 00 00 09 b8 fe fd fd fd fe fd fd fd fe fd d5 19 00 00 00 00 
00 00 00 00 00 00 00 00 00 37 cb fe fe c7 7f 7f 3c 5d 54 44 97 de fe a1 00 00 00 00 
00 00 00 00 00 00 00 00 00 8a fd fd c7 13 00 00 00 00 00 00 00 9b fd d3 00 00 00 00 
00 00 00 00 00 00 00 00 00 8a fd fd 11 00 00 00 00 00 00 00 4a f1 fd d3 00 00 00 00 
00 00 00 00 00 00 00 00 00 69 fd fd 66 00 00 00 00 00 00 22 e5 fd fd a0 00 00 00 00 
00 00 00 00 00 00 00 00 00 00 95 fe e5 28 00 00 00 26 99 fe fe fe b4 19 00 00 00 00 
00 00 00 00 00 00 00 00 00 00 13 c6 fe cf 09 22 48 eb fd fd e0 8b 0d 00 00 00 00 00 
00 00 00 00 00 00 00 00 00 00 00 11 d3 fd d7 f0 fe fd ea 80 11 00 00 00 00 00 00 00 
00 00 00 00 00 00 00 00 00 00 00 66 e5 fd fd fd e4 4d 0d 00 00 00 00 00 00 00 00 00 
00 00 00 00 00 00 00 00 46 aa fe fe fe fe fe fe 77 00 00 00 00 00 00 00 00 00 00 00 
00 00 00 00 00 1a 82 e6 fe fd fd b9 73 40 d3 fd f8 15 00 00 00 00 00 00 00 00 00 00 
00 00 00 00 a6 e8 fd fd f7 a2 2e 0d 07 5b f5 fd fe 38 00 00 00 00 00 00 00 00 00 00 
00 00 00 00 80 fd fd fd d2 5d 7f 9f cc fd fd fd e4 0f 00 00 00 00 00 00 00 00 00 00 
00 00 00 00 00 86 f1 fe ff fe fe fe fe fe fe e4 22 00 00 00 00 00 00 00 00 00 00 00 
00 00 00 00 00 00 1b 73 8c ce ce ce cf ce 7b 0f 00 00 00 00 00 00 00 00 00 00 00 00 
00 00 00 00 00 00 00 00 00 00 00 00 00 00 00 00 00 00 00 00 00 00 00 00 00 00 00 00 
00 00 00 00 00 00 00 00 00 00 00 00 00 00 00 00 00 00 00 00 00 00 00 00 00 00 00 00 
00 00 00 00 00 00 00 00 00 00 00 00 00 00 00 00 00 00 00 00 00 00 00 00 00 00 00 00 
00 00 00 00 00 00 00 00 00 00 00 00 00 00 00 00 00 00 00 00 00 00 00 00 00 00 00 00 
00 00 00 00 00 00 00 00 00 00 00 00 00 00 00 00 00 00 00 00 00 00 00 00 00 00 00 00 
00 00 00 00 00 00 00 00 00 00 00 00 00 00 00 00 00 00 00 00 00 00 00 00 00 00 00 00 


00 00 00 00 00 00 00 00 00 00 00 00 00 00 00 00 00 00 00 00 00 00 00 00 00 00 00 00
00 00 00 00 00 00 00 00 00 00 00 00 00 00 00 00 00 00 00 00 00 00 00 00 00 00 00 00
00 00 00 00 00 00 00 00 00 00 00 00 00 00 00 00 00 00 00 00 00 00 00 00 00 00 00 00
00 00 00 00 00 00 00 00 00 00 00 00 00 00 00 00 00 00 00 00 00 00 00 00 00 00 00 00
00 00 00 00 00 00 00 00 00 00 00 00 00 00 00 00 00 00 00 00 00 00 00 00 00 00 00 00
00 00 00 00 00 00 00 00 00 00 00 00 00 00 00 00 00 00 00 00 00 00 00 00 00 00 00 00
00 00 00 00 00 00 00 00 00 00 00 00 00 3e bf ff fd 89 0f 00 00 00 00 00 00 00 00 00
00 00 00 00 00 00 00 00 00 00 00 00 77 ec fc cf ec fc a0 00 00 00 00 00 00 00 00 00
00 00 00 00 00 00 00 00 00 00 07 8e ea e3 82 00 2c ca e3 11 00 00 00 00 00 00 00 00
00 00 00 00 00 00 00 00 00 00 a0 fc e3 32 00 00 00 5a fc 16 00 00 00 00 00 00 00 00
00 00 00 00 00 00 00 00 00 6a fd fc 4f 00 00 00 00 46 fc 4b 00 00 00 00 00 00 00 00
00 00 00 00 00 00 00 00 00 74 ff fd 45 00 00 00 00 51 fd be 00 00 00 00 00 00 00 00
00 00 00 00 00 00 00 00 00 2a e8 fc 66 09 00 2f 2f e4 fc 40 00 00 00 00 00 00 00 00
00 00 00 00 00 00 00 00 00 00 37 fc fc c4 b8 fd dd fc e3 10 00 00 00 00 00 00 00 00
00 00 00 00 00 00 00 00 00 00 05 43 a0 c2 a8 d3 fc fc a0 00 00 00 00 00 00 00 00 00
00 00 00 00 00 00 00 00 00 00 00 00 00 09 02 56 fc dd 23 00 00 00 00 00 00 00 00 00
00 00 00 00 00 00 00 00 00 00 00 00 00 00 00 ff fd b8 00 00 00 00 00 00 00 00 00 00
00 00 00 00 00 00 00 00 00 00 00 00 00 00 16 fd f4 62 00 00 00 00 00 00 00 00 00 00
00 00 00 00 00 00 00 00 00 00 00 00 00 00 92 fd ae 00 00 00 00 00 00 00 00 00 00 00
00 00 00 00 00 00 00 00 00 00 00 00 00 4c f8 fd 5c 00 00 00 00 00 00 00 00 00 00 00
00 00 00 00 00 00 00 00 00 00 00 00 00 90 fc f3 32 00 00 00 00 00 00 00 00 00 00 00
00 00 00 00 00 00 00 00 00 00 00 00 31 e9 fd 35 00 00 00 00 00 00 00 00 00 00 00 00
00 00 00 00 00 00 00 00 00 00 00 09 c5 fc e7 00 00 00 00 00 00 00 00 00 00 00 00 00
00 00 00 00 00 00 00 00 00 00 00 82 fc fc 6a 00 00 00 00 00 00 00 00 00 00 00 00 00
00 00 00 00 00 00 00 00 00 00 00 a1 fc b0 04 00 00 00 00 00 00 00 00 00 00 00 00 00
00 00 00 00 00 00 00 00 00 00 00 a1 fc 38 00 00 00 00 00 00 00 00 00 00 00 00 00 00
00 00 00 00 00 00 00 00 00 00 00 00 00 00 00 00 00 00 00 00 00 00 00 00 00 00 00 00
00 00 00 00 00 00 00 00 00 00 00 00 00 00 00 00 00 00 00 00 00 00 00 00 00 00 00 00

